512	1.186378
576	1.180738
640	1.179843
704	1.182052
768	1.181515
832	1.181158
896	1.180385
960	1.180629
1024	1.204511
1088	1.196084
1152	1.191134
1216	1.182004
1280	1.180177
1344	1.180783
1408	1.180761
1472	1.291679
1536	1.181766
1600	1.268344
1664	1.181584
1728	1.180401
1792	1.181214
1856	1.180344
1920	1.179778
1984	1.218268
2048	1.181749
2112	1.185113
2176	1.209053
2240	1.187339
2304	1.204147
2368	1.203274
2432	1.180941
2496	1.184227
2560	1.181209
2624	1.182664
2688	1.180492
2752	1.186137
2816	1.180895
2880	1.182495
2944	1.181907
3008	1.191399
3072	1.182263
3136	1.181025
3200	1.181864
3264	1.181465
3328	1.180375
3392	1.181308
3456	1.185118
3520	1.180830
3584	1.186124
3648	1.180481
3712	1.181346
3776	1.182410
3840	1.180512
3904	1.180486
3968	1.185414
4032	1.180676
4096	1.185142
4160	1.190207
4224	1.193810
4288	1.185265
4352	1.181902
4416	1.184303
4480	1.188347
4544	1.180180
4608	1.180597
4672	1.182711
4736	1.192379
4800	1.182769
4864	1.196226
4928	1.183494
4992	1.190843
5056	1.183352
5120	1.182564
5184	1.183001
5248	1.181919
5312	1.181053
5376	1.185267
5440	1.189584
5504	1.182897
5568	1.182881
5632	1.180940
5696	1.182590
5760	1.182262
5824	1.184640
5888	1.184821
5952	1.181650
6016	1.181422
6080	1.183643
6144	1.182367
6208	1.181232
6272	1.181998
6336	1.185590
6400	1.183884
6464	1.186618
6528	1.179972
6592	1.181199
6656	1.182416
6720	1.180688
6784	1.186105
6848	1.181431
6912	1.181631
6976	1.186027
7040	1.187432
7104	1.183268
7168	1.184415
7232	1.180979
7296	1.183599
7360	1.189633
7424	1.180064
7488	1.180452
7552	1.183018
7616	1.181977
7680	1.188660
7744	1.192252
7808	1.182622
7872	1.186673
7936	1.190589
8000	1.180269
8064	1.184039
8128	1.186587
8192	1.180502
8320	1.186462
8448	1.183622
8576	1.180855
8704	1.194488
8832	1.181229
8960	1.182940
9088	1.187469
9216	1.180972
9344	1.188608
9472	1.187474
9600	1.186023
9728	1.187977
9856	1.191737
9984	1.181587
10112	1.190827
10240	1.186564
10368	1.181662
10496	1.198704
10624	1.181105
10752	1.183908
10880	1.186558
11008	1.191027
11136	1.190394
11264	1.190491
11392	1.180550
11520	1.188595
11648	1.192596
11776	1.181298
11904	1.190423
12032	1.183137
12160	1.184269
12288	1.194976
12416	1.180823
12544	1.181118
12672	1.180971
12800	1.180970
12928	1.181420
13056	1.197220
13184	1.182061
13312	1.181529
13440	1.181107
13568	1.180380
13696	1.180970
13824	1.180859
13952	1.184668
14080	1.196281
14208	1.181071
14336	1.181310
14464	1.180933
14592	1.181327
14720	1.180899
14848	1.183463
14976	1.181155
15104	1.189212
15232	1.191169
15360	1.181001
15488	1.181332
15616	1.181519
15744	1.181889
15872	1.199077
16000	1.181906
16128	1.181693
16256	1.180986
16384	1.181166
16640	1.180423
16896	1.184941
17152	1.184431
17408	1.189713
17664	1.190664
17920	1.181763
18176	1.181468
18432	1.181706
18688	1.181018
18944	1.200831
19200	1.183473
19456	1.192299
19712	1.195251
19968	1.181468
20224	1.180562
20480	1.181186
20736	1.184262
20992	1.187985
21248	1.192082
21504	1.201621
21760	1.203165
22016	1.210082
22272	1.182124
22528	1.180686
22784	1.186692
23040	1.189738
23296	1.209449
23552	1.182411
23808	1.180796
24064	1.181728
24320	1.181488
24576	1.181478
24832	1.207746
25088	1.182217
25344	1.182572
25600	1.181884
25856	1.182951
26112	1.181041
26368	1.182184
26624	1.182482
26880	1.210750
27136	1.194840
27392	1.181505
27648	1.181915
27904	1.181773
28160	1.181728
28416	1.182695
28672	1.189433
28928	1.197283
29184	1.194619
29440	1.183358
29696	1.191909
29952	1.182320
30208	1.182249
30464	1.184532
30720	1.188496
30976	1.191636
31232	1.200332
31488	1.183937
31744	1.181918
32000	1.182215
32256	1.191730
32512	1.199168
32768	1.195403
33280	1.508909
33792	1.826590
34304	2.140371
34816	2.454221
35328	2.753606
35840	3.034734
36352	3.302599
36864	3.565738
37376	3.568078
37888	3.568159
38400	3.567935
38912	3.579732
39424	3.552547
39936	3.570938
40448	3.578706
40960	3.571044
41472	3.574582
41984	3.571935
42496	3.570970
43008	3.551005
43520	3.573848
44032	3.573734
44544	3.599081
45056	3.589271
45568	3.717254
46080	3.752237
46592	3.619431
47104	3.593500
47616	3.582814
48128	3.577705
48640	3.574111
49152	3.575136
49664	3.558545
50176	3.579756
50688	3.580127
51200	3.578654
51712	3.582598
52224	3.602008
52736	3.589198
53248	3.582715
53760	3.585439
54272	3.567254
54784	3.593302
55296	3.628366
55808	3.788909
56320	3.579809
56832	3.573418
57344	3.591172
57856	3.574509
58368	3.584843
58880	3.589748
59392	3.576847
59904	3.580214
60416	3.583440
60928	3.631852
61440	3.627582
61952	3.605930
62464	3.828132
62976	4.125037
63488	4.241060
64000	4.351687
64512	4.462204
65024	4.582209
65536	4.840109
66560	4.744942
67584	4.778303
68608	4.735649
69632	4.727039
70656	4.699698
71680	4.697247
72704	4.687827
73728	4.624000
74752	4.677311
75776	4.670032
76800	4.639033
77824	4.624091
78848	4.595840
79872	4.576224
80896	4.548496
81920	4.502276
82944	4.593943
83968	4.535774
84992	4.516682
86016	4.587953
87040	4.546999
88064	4.726504
89088	4.699557
90112	4.738538
91136	4.774871
92160	4.790334
93184	4.740479
94208	4.807339
95232	4.777646
96256	4.740171
97280	4.686406
98304	4.719505
99328	4.615990
100352	4.650832
101376	4.585543
102400	4.695286
103424	4.648965
104448	4.648476
105472	4.604208
106496	4.602049
107520	4.630794
108544	4.750592
109568	4.567358
110592	4.577982
111616	4.579149
112640	4.537463
113664	4.559970
114688	4.499840
115712	4.504858
116736	4.528926
117760	4.474337
118784	4.491769
119808	4.496916
120832	4.537204
121856	4.497507
122880	4.493813
123904	4.473294
124928	4.482248
125952	4.462899
126976	4.455500
128000	4.456846
129024	4.545154
130048	4.574297
131072	4.452869
133120	3.608762
135168	3.585076
137216	4.663888
139264	4.655336
141312	4.633351
143360	4.633176
145408	4.612398
147456	4.612438
149504	4.539004
151552	4.594729
153600	4.543483
155648	4.628465
157696	4.534460
159744	4.451475
161792	4.515691
163840	4.497771
165888	4.536418
167936	4.687240
169984	4.662596
172032	4.721333
174080	4.713825
176128	4.650962
178176	4.608274
180224	4.595020
182272	4.559390
184320	4.575709
186368	4.596827
188416	4.773951
190464	4.752108
192512	4.735146
194560	4.720874
196608	4.661418
198656	4.820664
200704	4.673631
202752	4.656101
204800	4.639150
206848	4.655646
208896	4.635455
210944	4.629087
212992	4.596087
215040	4.648985
217088	4.794893
219136	4.608171
221184	4.552657
223232	4.806584
225280	4.899451
227328	4.898310
229376	4.873004
231424	4.933207
233472	4.839250
235520	5.000094
237568	5.215471
239616	5.176748
241664	5.263312
243712	5.132709
245760	5.104865
247808	5.193772
249856	5.210059
251904	5.341446
253952	5.494141
256000	5.783486
258048	5.857804
260096	5.828486
262144	5.798168
266240	5.870859
270336	5.926860
274432	5.973642
278528	6.244048
282624	6.233067
286720	6.232323
290816	6.420455
294912	6.359875
299008	6.437374
303104	6.880265
307200	7.090778
311296	7.343434
315392	7.547322
319488	7.800522
323584	7.756967
327680	7.804359
331776	7.933564
335872	7.941368
339968	8.041807
344064	8.249223
348160	8.347869
352256	8.379376
356352	8.482532
360448	8.655362
364544	8.744898
368640	8.820759
372736	8.744922
376832	8.825940
380928	8.889872
385024	8.967399
389120	8.986545
393216	9.323809
397312	9.460794
401408	9.455146
405504	9.559767
409600	9.617492
413696	9.722202
417792	9.729341
421888	9.683710
425984	9.739018
430080	9.771772
434176	9.806006
438272	9.912212
442368	9.923917
446464	9.913190
450560	10.001783
454656	10.064211
458752	10.050506
462848	10.070432
466944	10.129298
471040	10.162016
475136	10.220459
479232	10.358551
483328	10.392122
487424	10.283745
491520	10.385409
495616	10.347730
499712	10.497532
503808	10.535345
507904	10.445759
512000	10.585237
516096	10.586540
520192	10.572416
524288	10.734117
532480	10.840997
540672	10.910327
548864	11.003874
557056	11.051412
565248	11.105289
573440	11.130463
581632	11.168104
589824	11.425801
598016	11.392726
606208	11.365455
614400	11.445660
622592	11.496653
630784	11.467312
638976	11.486675
647168	11.547051
655360	11.684545
663552	11.572658
671744	11.650993
679936	11.676372
688128	11.765246
696320	11.758512
704512	11.761642
712704	11.879382
720896	11.963356
729088	11.873593
737280	11.936706
745472	11.934639
753664	11.997813
761856	11.939642
770048	12.014972
778240	12.029558
786432	12.009181
794624	12.065104
802816	12.119067
811008	12.158279
819200	12.136176
827392	12.198923
835584	12.216351
843776	12.233189
851968	12.223467
860160	12.317449
868352	12.317434
876544	12.353285
884736	12.410457
892928	12.364987
901120	12.426580
909312	12.400363
917504	12.433361
925696	12.531259
933888	12.442571
942080	12.502208
950272	12.502029
958464	12.516320
966656	12.567298
974848	12.548518
983040	12.629722
991232	12.592880
999424	12.622805
1007616	12.595046
1015808	12.654163
1024000	12.601484
1032192	12.693612
1040384	12.706675
1048576	12.751835
1064960	12.734006
1081344	12.740531
1097728	12.764525
1114112	12.871653
1130496	12.825356
1146880	12.823003
1163264	12.819941
1179648	12.883456
1196032	12.942367
1212416	12.913860
1228800	12.906133
1245184	12.975273
1261568	13.146587
1277952	13.036536
1294336	13.017963
1310720	13.051924
1327104	13.083045
1343488	13.084638
1359872	13.103439
1376256	13.230340
1392640	13.156244
1409024	13.170904
1425408	13.235477
1441792	13.192510
1458176	13.212056
1474560	13.265760
1490944	13.340513
1507328	13.396096
1523712	13.272912
1540096	13.258121
1556480	13.271269
1572864	13.309027
1589248	13.799212
1605632	13.322812
1622016	13.447872
1638400	13.332197
1654784	13.351407
1671168	13.442100
1687552	13.426012
1703936	13.469710
1720320	13.447522
1736704	13.425109
1753088	13.472983
1769472	13.801861
1785856	13.469044
1802240	13.478172
1818624	13.467169
1835008	13.566753
1851392	13.606579
1867776	13.765471
1884160	13.577781
1900544	13.653821
1916928	13.672607
1933312	13.587073
1949696	13.668361
1966080	13.656973
1982464	13.885063
1998848	13.925174
2015232	13.753282
2031616	13.812467
2048000	13.791596
2064384	13.777067
2080768	13.770120
2097152	11.356946
2129920	11.203470
2162688	11.223372
2195456	11.342806
2228224	11.352322
2260992	11.328123
2293760	11.309828
2326528	11.331600
2359296	11.289495
2392064	11.741373
2424832	11.486383
2457600	11.436793
2490368	11.504545
2523136	11.561973
2555904	11.615891
2588672	11.750128
2621440	11.705058
2654208	12.095304
2686976	11.851030
2719744	11.939910
2752512	12.284682
2785280	12.082021
2818048	12.083127
2850816	12.203650
2883584	12.229933
2916352	12.254870
2949120	13.000723
2981888	12.446239
3014656	12.542535
3047424	12.541582
3080192	12.606517
3112960	12.653683
3145728	12.723294
3178496	13.377985
3211264	12.775001
3244032	12.861066
3276800	13.742999
3309568	13.016216
3342336	13.083958
3375104	13.694893
3407872	13.283722
3440640	13.939106
3473408	13.274305
3506176	13.643381
3538944	13.646401
3571712	13.615821
3604480	13.694956
3637248	13.924979
3670016	14.877003
3702784	13.930829
3735552	15.002332
3768320	14.132689
3801088	14.097277
3833856	14.226085
3866624	14.146074
3899392	15.653618
3932160	14.362886
3964928	14.566177
3997696	14.394985
4030464	14.536948
4063232	14.636406
4096000	15.805443
4128768	15.269500
4161536	14.703353
4194304	13.419618
4259840	12.698752
4325376	12.803234
4390912	12.819978
4456448	12.683417
4521984	14.578395
4587520	13.197999
4653056	13.426000
4718592	13.627375
4784128	13.626532
4849664	13.984678
4915200	13.931537
4980736	16.183424
5046272	14.586505
5111808	16.609391
5177344	14.478728
5242880	15.693096
5308416	15.593043
5373952	18.398151
5439488	17.820999
5505024	17.832592
5570560	18.977148
5636096	20.072373
5701632	21.118710
5767168	23.139125
5832704	24.636268
5898240	24.002594
5963776	24.414432
6029312	30.998058
6094848	26.585093
6160384	28.220062
6225920	29.049715
6291456	22.452137
6356992	21.597764
6422528	22.477604
6488064	25.837355
6553600	28.782992
6619136	30.725089
6684672	28.762432
6750208	32.939845
6815744	34.057984
6881280	35.977326
6946816	36.100305
7012352	40.137901
7077888	40.148738
7143424	42.101020
7208960	41.713813
7274496	44.660314
7340032	47.658799
7405568	45.589242
7471104	46.694456
7536640	46.163507
7602176	48.372499
7667712	47.493213
7733248	49.159357
7798784	51.464103
7864320	52.469005
7929856	53.201019
7995392	54.373279
8060928	54.484027
8126464	56.211134
8192000	55.876673
8257536	56.926935
8323072	56.022908
8388608	60.645103
8519680	60.395910
8650752	62.262665
8781824	62.558787
8912896	63.263777
9043968	64.170479
9175040	64.845484
9306112	65.229871
9437184	65.503958
9568256	65.390486
9699328	65.965975
9830400	65.445691
9961472	65.056480
10092544	65.281649
10223616	65.951211
10354688	65.804614
10485760	66.163596
10616832	67.617938
10747904	67.905474
10878976	68.425706
11010048	68.277708
11141120	68.957326
11272192	68.904030
11403264	69.029574
11534336	68.780951
11665408	69.031077
11796480	68.697146
11927552	68.445978
12058624	68.528242
12189696	68.505580
12320768	68.722080
12451840	69.536719
12582912	69.622674
12713984	70.681043
12845056	70.752118
12976128	70.921582
13107200	71.120602
13238272	71.160418
13369344	71.699849
13500416	71.740793
13631488	71.086234
13762560	71.768581
13893632	71.794403
14024704	72.384898
14155776	72.006251
14286848	72.583232
14417920	72.055768
14548992	72.187159
14680064	71.747434
14811136	71.731775
14942208	70.512510
15073280	71.056824
15204352	70.953540
15335424	71.441408
15466496	71.609729
15597568	72.625147
15728640	72.537074
15859712	73.412468
15990784	73.242427
16121856	73.938344
16252928	73.798257
16384000	74.143016
16515072	73.818926
16646144	74.355538
16777216	73.905799
17039360	74.029294
17301504	74.039935
17563648	74.767472
17825792	74.576468
18087936	75.063994
18350080	74.931392
18612224	75.479749
18874368	74.933723
19136512	75.105775
19398656	74.743600
19660800	74.853573
19922944	74.216504
20185088	74.831542
20447232	74.260452
20709376	75.125883
20971520	75.357694
21233664	76.347841
21495808	76.781187
21757952	76.759139
22020096	77.681607
22282240	77.152484
22544384	76.958672
22806528	77.602686
23068672	77.523425
23330816	77.747837
23592960	77.525797
23855104	78.087478
24117248	77.925363
24379392	78.115835
24641536	77.986540
24903680	78.313525
25165824	77.803018
25427968	78.129074
25690112	78.114585
25952256	78.415368
26214400	78.277116
26476544	78.679069
26738688	78.719590
27000832	78.382251
27262976	78.681163
27525120	78.547099
27787264	78.352113
28049408	78.261677
28311552	77.450528
28573696	77.120757
28835840	77.173663
29097984	77.598792
29360128	77.220967
29622272	77.040827
29884416	76.901650
30146560	77.410987
30408704	77.477787
30670848	77.352512
30932992	77.665365
31195136	78.088709
31457280	78.804498
31719424	78.718915
31981568	80.133621
32243712	80.191061
32505856	80.076190
32768000	80.073967
33030144	79.915352
33292288	79.858564
33554432	80.021608
34078720	80.063274
34603008	80.377882
35127296	80.026633
35651584	80.396481
36175872	80.060002
36700160	80.212038
37224448	80.330164
37748736	80.008814
38273024	80.025177
38797312	80.399613
39321600	80.539818
39845888	80.283324
40370176	80.432533
40894464	80.464272
41418752	80.412468
41943040	80.418840
42467328	80.335816
42991616	80.820250
43515904	80.460110
44040192	80.456535
44564480	80.732339
45088768	80.031097
45613056	80.449520
46137344	80.582132
46661632	80.316597
47185920	80.631718
47710208	80.374129
48234496	80.357717
48758784	80.340568
49283072	80.161240
49807360	80.250648
50331648	80.441597
50855936	80.123967
51380224	79.916821
51904512	79.602841
52428800	79.280116
52953088	79.446598
53477376	79.416962
54001664	79.540803
54525952	79.232392
55050240	79.228265
55574528	79.201062
56098816	79.345747
56623104	79.398142
57147392	79.349513
57671680	79.637856
58195968	79.982925
58720256	80.211763
59244544	79.847256
59768832	79.996930
60293120	78.893443
60817408	80.161605
61341696	80.458543
61865984	80.577481
62390272	80.487371
62914560	80.550271
63438848	80.902182
63963136	81.053994
64487424	81.327627
65011712	81.301761
65536000	79.830902
66060288	81.170053
66584576	80.856546
67108864	81.053496
